cam_model: EquidistantCamera
cam_width: 640
cam_height: 480
scale: 1.0
cam_fx: 758.3153257832925
cam_fy: 676.6492212772476
cam_cx: 318.27111164892506
cam_cy: 239.79816832491474
k1: -0.059098218173967695
k2: 0.1793477408661115
k3: 0.0016819528105368057
k4: -0.0005887999624264534